Following is the maximum profit sequence of jobs: [3, 1, ]
Total profit = 60


Following is the maximum profit sequence of jobs: [6, 4, 1, 7, 5, 2, 3, ]
Total profit = 252


Following is the maximum profit sequence of jobs: [11, 33, 36, 32, 19, 21, 42, 45, 35, 17, 24, 20, 34, 31, 44, 39, 29, 38, 46, 10, 6, 8, 27, 15, 22, 41, 43, 13, 23, 40, 9, 30, 4, 25, 2, 1, 37, 3, 16, 14, 12, 26, 18, 7, 28, ]
Total profit = 2167


Following is the maximum profit sequence of jobs: [24, 15, 54, 23, 22, 1, 28, 16, 26, 36, 40, 29, 51, 52, 14, 35, 20, 37, 57, 9, 49, 47, 39, 3, 30, 11, 41, 21, 18, 5, 50, 8, 45, 53, 6, 12, 19, 58, 4, 31, 44, 56, 17, 2, 13, 55, 48, 10, 34, 25, 32, 46, 38, 7, 43, 27, 33, ]
Total profit = 2875


Following is the maximum profit sequence of jobs: [31, 37, 36, 42, 48, 12, 15, 21, 18, 33, 50, 8, 47, 41, 24, 6, 45, 25, 26, 32, 46, 19, 7, 22, 30, 43, 49, 34, 3, 16, 35, 27, 28, 10, 14, 1, 13, 2, 40, 38, 4, 5, 17, 39, 23, 29, 11, 9, 44, 20, ]
Total profit = 2632


Following is the maximum profit sequence of jobs: [15, 18, 3, 1, 4, 5, 2, 13, 17, 16, 8, 9, 7, 6, 10, 14, 11, 12, ]
Total profit = 917


Following is the maximum profit sequence of jobs: [18, 13, 19, 2, 10, 7, 16, 4, 8, 25, 15, 21, 5, 24, 17, 9, 12, 22, 11, 1, 20, 23, 6, 14, 3, ]
Total profit = 977


Following is the maximum profit sequence of jobs: [36, 57, 18, 29, 48, 56, 38, 35, 37, 33, 34, 71, 4, 51, 15, 13, 69, 54, 22, 67, 19, 23, 30, 62, 50, 2, 11, 60, 47, 45, 59, 8, 9, 40, 16, 42, 58, 3, 39, 44, 17, 10, 63, 7, 20, 43, 32, 65, 46, 27, 31, 64, 53, 61, 14, 24, 26, 70, 41, 66, 72, 6, 21, 28, 12, 25, 55, 49, 1, 52, 68, 5, ]
Total profit = 3572


Following is the maximum profit sequence of jobs: [36, 44, 62, 81, 56, 6, 77, 4, 76, 17, 37, 14, 67, 41, 55, 49, 46, 12, 26, 57, 39, 79, 86, 24, 2, 25, 92, 63, 68, 33, 28, 3, 88, 82, 19, 64, 84, 78, 35, 7, 22, 45, 11, 5, 27, 8, 40, 43, 72, 60, 66, 18, 58, 59, 13, 65, 15, 80, 90, 87, 70, 9, 50, 20, 53, 47, 32, 73, 21, 23, 1, 10, 29, 83, 69, 38, 61, 42, 54, 31, 74, 85, 48, 52, 51, 89, 91, 34, ]
Total profit = 4021


Following is the maximum profit sequence of jobs: [35, 5, 45, 41, 37, 21, 24, 26, 22, 28, 33, 38, 27, 36, 12, 9, 7, 13, 47, 3, 4, 10, 40, 16, 23, 30, 31, 44, 19, 8, 1, 39, 18, 48, 46, 14, 29, 32, 17, 15, 42, 20, 25, 34, 43, 2, 11, ]
Total profit = 2353


Following is the maximum profit sequence of jobs: [28, 23, 59, 8, 38, 40, 10, 56, 16, 25, 63, 9, 31, 2, 27, 55, 70, 34, 67, 74, 64, 1, 82, 36, 6, 76, 66, 53, 35, 78, 11, 57, 79, 51, 7, 47, 20, 13, 77, 54, 58, 29, 42, 81, 45, 30, 19, 52, 15, 62, 60, 32, 50, 65, 3, 17, 37, 12, 83, 24, 44, 48, 72, 41, 46, 18, 80, 84, 4, 14, 69, 49, 39, 5, 71, 68, 33, 61, 22, 75, 26, ]
Total profit = 4246


Following is the maximum profit sequence of jobs: [39, 6, 24, 40, 2, 23, 37, 8, 22, 44, 19, 36, 26, 31, 18, 3, 7, 46, 32, 10, 14, 11, 1, 25, 27, 50, 9, 30, 12, 29, 43, 21, 41, 35, 42, 47, 13, 48, 15, 17, 34, 33, 45, 49, 20, 16, 4, 38, 28, 5, ]
Total profit = 2766


Following is the maximum profit sequence of jobs: [63, 31, 13, 6, 26, 39, 47, 46, 36, 25, 59, 9, 30, 20, 21, 15, 16, 50, 22, 40, 32, 8, 11, 56, 10, 57, 24, 66, 65, 45, 37, 43, 64, 60, 67, 7, 42, 1, 61, 4, 5, 48, 34, 19, 53, 58, 28, 14, 52, 17, 2, 51, 41, 33, 38, 29, 27, 54, 62, 12, 44, 3, 49, 35, 55, 23, 18, ]
Total profit = 3497


Following is the maximum profit sequence of jobs: [6, 2, 4, 1, 7, 3, 5, ]
Total profit = 324


Following is the maximum profit sequence of jobs: [5, 32, 16, 30, 10, 22, 9, 21, 35, 40, 4, 17, 7, 36, 26, 37, 25, 28, 29, 27, 13, 38, 11, 24, 2, 19, 15, 3, 8, 14, 1, 18, 33, 6, 31, 39, 12, 23, 20, ]
Total profit = 2357


Following is the maximum profit sequence of jobs: [8, 52, 4, 50, 36, 11, 37, 32, 19, 45, 24, 9, 49, 3, 51, 59, 5, 57, 58, 27, 6, 31, 20, 13, 33, 17, 54, 10, 53, 47, 56, 40, 18, 48, 7, 42, 23, 44, 39, 22, 35, 26, 25, 14, 41, 43, 2, 29, 15, 46, 21, 28, 30, 38, 16, 55, 34, 12, 1, ]
Total profit = 3447


Following is the maximum profit sequence of jobs: [40, 24, 9, 13, 30, 7, 14, 34, 36, 2, 21, 25, 22, 39, 5, 23, 8, 16, 26, 1, 31, 11, 37, 3, 17, 33, 29, 28, 20, 32, 6, 35, 18, 27, 15, 12, 19, 10, 4, 38, ]
Total profit = 2112


Following is the maximum profit sequence of jobs: [5, 8, 2, 53, 30, 49, 4, 46, 44, 19, 51, 7, 21, 31, 14, 6, 50, 48, 16, 35, 25, 28, 11, 29, 37, 18, 52, 23, 45, 27, 47, 20, 41, 43, 42, 32, 17, 26, 1, 24, 38, 9, 3, 15, 54, 13, 39, 12, 33, 10, 22, 36, 34, 55, 40, ]
Total profit = 2948


Following is the maximum profit sequence of jobs: [26, 74, 22, 51, 79, 28, 18, 80, 58, 66, 76, 59, 35, 52, 73, 38, 65, 30, 25, 69, 57, 78, 68, 54, 61, 64, 48, 21, 47, 14, 82, 46, 43, 71, 6, 81, 29, 20, 67, 5, 32, 37, 31, 45, 17, 12, 50, 62, 42, 7, 8, 36, 56, 24, 4, 77, 72, 19, 75, 33, 44, 34, 53, 1, 55, 10, 63, 9, 39, 13, 41, 15, 16, 40, 11, 3, 60, 2, 70, 27, 49, 23, ]
Total profit = 4323


Following is the maximum profit sequence of jobs: [1, ]
Total profit = 7


Following is the maximum profit sequence of jobs: [7, 43, 16, 46, 41, 63, 60, 55, 66, 64, 3, 65, 52, 28, 22, 31, 24, 49, 30, 29, 39, 56, 23, 50, 53, 13, 61, 15, 62, 32, 5, 19, 44, 20, 42, 17, 58, 2, 57, 26, 67, 4, 40, 36, 12, 48, 33, 6, 18, 47, 27, 9, 59, 37, 34, 10, 14, 38, 54, 35, 1, 8, 11, 51, 21, 45, ]
Total profit = 3672


Following is the maximum profit sequence of jobs: [44, 84, 85, 38, 43, 16, 4, 34, 17, 24, 45, 92, 58, 13, 33, 5, 53, 31, 88, 46, 12, 7, 68, 59, 78, 3, 22, 79, 51, 64, 83, 9, 36, 75, 55, 93, 76, 61, 57, 41, 30, 27, 48, 14, 65, 11, 89, 87, 67, 77, 29, 1, 19, 69, 73, 50, 28, 52, 71, 72, 90, 47, 8, 42, 49, 26, 25, 6, 15, 20, 80, 70, 66, 21, 37, 2, 74, 54, 82, 23, 56, 40, 60, 86, 18, 62, 35, 63, 10, ]
Total profit = 4788


Following is the maximum profit sequence of jobs: [17, 33, 30, 20, 3, 11, 34, 6, 19, 22, 32, 14, 23, 2, 15, 25, 12, 1, 26, 27, 29, 24, 28, 4, 10, 8, 13, 31, 18, 9, 5, 21, 16, 7, ]
Total profit = 1813


Following is the maximum profit sequence of jobs: [2, 3, 1, ]
Total profit = 155


Following is the maximum profit sequence of jobs: [3, 18, 16, 23, 2, 20, 5, 1, 22, 9, 17, 14, 12, 6, 19, 8, 13, 15, 10, 21, 11, 4, 7, ]
Total profit = 1187


Following is the maximum profit sequence of jobs: [73, 57, 82, 72, 61, 45, 7, 23, 4, 1, 9, 6, 20, 25, 5, 51, 91, 11, 48, 80, 94, 24, 90, 30, 14, 86, 76, 38, 44, 54, 35, 79, 78, 18, 75, 47, 92, 27, 17, 59, 77, 15, 28, 69, 46, 10, 32, 2, 37, 8, 63, 22, 64, 74, 50, 29, 71, 83, 95, 68, 62, 81, 96, 56, 42, 39, 93, 49, 88, 36, 40, 19, 66, 70, 21, 12, 34, 52, 26, 87, 16, 31, 33, 53, 60, 67, 55, 43, 3, 84, 58, 85, 65, 13, 89, 41, ]
Total profit = 5022


Following is the maximum profit sequence of jobs: [8, 4, 12, 3, 9, 19, 1, 6, 18, 21, 2, 14, 7, 17, 13, 10, 5, 11, 15, 16, 20, ]
Total profit = 932


Following is the maximum profit sequence of jobs: [55, 31, 50, 47, 84, 6, 26, 71, 23, 93, 73, 87, 3, 86, 80, 58, 2, 34, 39, 36, 32, 53, 64, 65, 76, 51, 16, 43, 37, 72, 78, 5, 59, 42, 10, 63, 81, 85, 13, 24, 74, 92, 9, 29, 66, 82, 49, 48, 21, 38, 14, 67, 91, 35, 1, 89, 25, 57, 77, 15, 62, 7, 75, 41, 70, 45, 88, 40, 17, 69, 79, 52, 90, 8, 68, 4, 11, 28, 12, 60, 61, 19, 46, 44, 33, 22, ]
Total profit = 4464


Following is the maximum profit sequence of jobs: [27, 35, 19, 24, 20, 29, 7, 49, 47, 43, 16, 31, 13, 42, 45, 28, 38, 48, 12, 4, 3, 25, 23, 52, 9, 40, 6, 14, 2, 36, 15, 37, 1, 21, 26, 51, 10, 39, 11, 22, 17, 33, 32, 46, 34, 18, 8, 5, 44, 50, 30, ]
Total profit = 2541


Following is the maximum profit sequence of jobs: [22, 31, 2, 56, 24, 48, 18, 53, 42, 14, 12, 27, 26, 43, 33, 36, 39, 58, 72, 79, 20, 40, 62, 15, 3, 54, 44, 57, 70, 11, 78, 6, 65, 80, 9, 23, 16, 61, 59, 37, 13, 75, 69, 38, 74, 17, 1, 28, 19, 81, 66, 10, 8, 4, 68, 29, 34, 67, 71, 46, 63, 41, 7, 73, 25, 45, 50, 52, 30, 21, 51, 64, 32, 35, 5, 60, 47, 49, 55, 76, 77, ]
Total profit = 3909


Following is the maximum profit sequence of jobs: [18, 3, 17, 8, 15, 22, 13, 26, 2, 9, 5, 10, 12, 6, 14, 24, 11, 20, 30, 1, 27, 19, 21, 7, 25, 29, 4, 23, 16, 28, ]
Total profit = 1497


Following is the maximum profit sequence of jobs: [32, 12, 40, 9, 14, 4, 21, 16, 37, 5, 20, 26, 33, 11, 30, 25, 18, 2, 15, 6, 29, 35, 7, 28, 24, 38, 13, 31, 8, 17, 41, 27, 1, 39, 36, 19, 23, 3, 34, 22, 10, ]
Total profit = 1950


Following is the maximum profit sequence of jobs: [8, 18, 20, 21, 39, 34, 47, 33, 3, 23, 60, 25, 44, 4, 9, 59, 2, 22, 56, 29, 49, 7, 51, 46, 10, 45, 53, 1, 13, 54, 48, 38, 11, 12, 26, 24, 40, 58, 52, 28, 17, 43, 5, 55, 27, 42, 14, 16, 50, 32, 36, 35, 6, 15, 41, 31, 61, 57, 37, 19, 30, ]
Total profit = 2880


Following is the maximum profit sequence of jobs: [48, 72, 21, 58, 84, 76, 23, 53, 57, 14, 51, 91, 93, 46, 37, 69, 8, 28, 49, 97, 33, 95, 65, 67, 54, 63, 77, 2, 68, 47, 3, 5, 90, 52, 6, 15, 87, 41, 44, 66, 70, 27, 17, 73, 71, 59, 20, 99, 34, 7, 98, 16, 32, 29, 86, 30, 31, 85, 9, 83, 64, 22, 75, 56, 62, 80, 96, 38, 43, 88, 82, 39, 18, 11, 10, 61, 4, 92, 19, 42, 78, 79, 36, 26, 60, 50, 81, 25, 55, 94, 1, 12, 24, 35, 40, 89, 45, 74, ]
Total profit = 4684


Following is the maximum profit sequence of jobs: [77, 46, 48, 35, 42, 9, 54, 60, 66, 76, 24, 52, 47, 2, 16, 49, 51, 22, 31, 15, 10, 19, 78, 11, 30, 64, 72, 7, 29, 80, 32, 45, 27, 55, 71, 34, 65, 13, 37, 20, 50, 68, 61, 58, 1, 73, 57, 38, 62, 79, 44, 6, 12, 18, 14, 41, 56, 59, 53, 70, 17, 23, 26, 33, 36, 5, 39, 8, 28, 3, 21, 4, 69, 75, 40, 74, 67, 43, 25, ]
Total profit = 4025


Following is the maximum profit sequence of jobs: [17, 24, 35, 20, 21, 26, 11, 39, 5, 40, 43, 16, 41, 46, 18, 8, 27, 6, 14, 47, 31, 23, 15, 12, 19, 3, 38, 30, 9, 7, 2, 33, 29, 22, 34, 42, 25, 37, 1, 28, 13, 36, 10, 4, 32, 44, ]
Total profit = 2401


Following is the maximum profit sequence of jobs: [17, 24, 29, 9, 5, 55, 21, 42, 49, 41, 12, 39, 4, 40, 37, 27, 54, 23, 6, 2, 14, 10, 52, 28, 22, 50, 3, 16, 34, 51, 46, 56, 45, 33, 19, 38, 57, 32, 25, 7, 43, 36, 13, 44, 53, 30, 18, 31, 47, 20, 48, 15, 1, 8, 26, 35, 11, ]
Total profit = 2763


Following is the maximum profit sequence of jobs: [12, 18, 7, 8, 15, 17, 33, 25, 32, 29, 14, 5, 23, 24, 11, 19, 20, 28, 1, 16, 3, 22, 6, 31, 27, 10, 26, 4, 9, 34, 21, 13, 30, 2, ]
Total profit = 1826


Following is the maximum profit sequence of jobs: [30, 20, 19, 66, 10, 11, 60, 18, 57, 9, 76, 7, 28, 24, 47, 51, 35, 36, 6, 67, 75, 80, 42, 2, 46, 79, 14, 77, 34, 54, 31, 17, 39, 15, 62, 69, 78, 3, 71, 27, 73, 13, 53, 41, 4, 49, 1, 50, 33, 64, 63, 29, 55, 68, 23, 70, 65, 72, 48, 43, 44, 16, 8, 22, 21, 5, 61, 82, 26, 52, 25, 12, 37, 32, 56, 45, 38, 40, 59, 58, 81, ]
Total profit = 4168


Following is the maximum profit sequence of jobs: [77, 4, 49, 68, 8, 35, 50, 46, 72, 69, 79, 18, 43, 13, 34, 51, 84, 23, 29, 37, 25, 33, 6, 41, 24, 20, 67, 28, 48, 22, 2, 80, 53, 75, 78, 11, 21, 19, 82, 61, 63, 10, 73, 85, 47, 59, 40, 70, 66, 62, 81, 65, 38, 36, 54, 9, 57, 27, 16, 5, 60, 76, 45, 42, 32, 17, 31, 74, 15, 26, 55, 39, 64, 14, 44, 12, 3, 1, 86, 30, 71, 7, 83, 58, ]
Total profit = 5021


Following is the maximum profit sequence of jobs: [16, 38, 39, 4, 13, 33, 21, 30, 28, 10, 26, 6, 42, 14, 15, 12, 3, 35, 5, 29, 8, 17, 36, 18, 19, 7, 20, 31, 9, 2, 27, 23, 37, 25, 34, 1, 11, 24, 40, 22, 41, 32, ]
Total profit = 2139


